p.C1=0.01416*0.5;
p.C2=0.003718;
p.C3=0.004229;
p.C4=0.00008;
p.C5=0.000142;
p.C6=(259.3/100000);
p.C7=(185.1/100000);
p.C8=(121.4/100000);
p.C9=(126.9/100000);
p.C10=(81.4/100000);
p.C11=(63.5/100000);
p.C12=(62.2/100000);
p.C13=(61.1/100000);
p.C14=(73.7/100000);
p.C15=(46.2/100000);
p.C16=(45.1/100000);
p.C17=(34.9/100000);
p.C18=(30.0/100000);
p.C19=(32.9/100000);
p.C20=(19.4/100000);
p.C21=(28.4/100000);
p.C22=(18.0/100000);
p.C23=(18.4/100000);
p.C24=(14.1/100000);
p.C25=(13.4/100000);
p.C26=(16.7/100000);
p.C27=(14.1/100000);
p.C28=(16.1/100000);
p.C29=(11/100000);
p.C30=(10.3/100000);
p.C31=(13.6/100000);
p.C32=(9.8/100000);
p.C33=(14.2/100000);
p.C34=(8.1/100000);
p.C35=(6.9/100000);
p.C36=(0.1/100000);
p.C37=(9.1/100000);
p.C38=(6.7/100000);
p.C39=(4.7/100000);
p.C40=(5.4/100000);
p.C41=(4.4/100000);
p.C42=(7.1/100000);
p.C43=(4.7/100000);
p.C44=(8.6/100000);
p.C45=(4.7/100000);
p.C46=(5.0/100000);
p.C47=(4.2/100000);
p.C48=(3.4/100000);
p.C49=(3.9/100000);
p.C50=(0.0/100000);
p.C51=(3.9/100000);
p.C52=(3.4/100000);
p.C53=(2.9/100000);
p.C54=(4.0/100000);
p.C55=(2.9/100000);
p.C56=(2.7/100000);
p.C57=(1.5/100000);
p.C58=(0.0/100000);
p.C59=(3.8/100000);
p.C60=(7.2/100000);
p.C61=(8.4/100000);

p.K1=0.01416*0.5;
p.K2=.00003;
p.K3=.004229;
p.K4=0.00002;
p.K5=0.000037;
p.K6=(278.4/100000);
p.K7=(165.1/100000);
p.K8=(110.1/100000);
p.K9=(101.7/100000);
p.K10=(95.6/100000);
p.K11=(63.8/100000);
p.K12=(62.6/100000);
p.K13=(57.9/100000);
p.K14=(43/100000);
p.K15=(43.1/100000);
p.K16=(28.2/100000);
p.K17=(27.8/100000);
p.K18=(17.3/100000);
p.K19=(21.5/100000);
p.K20=(11.4/100000);
p.K21=(10.4/100000);
p.K22=(18.2/100000);
p.K23=(17.3/100000);
p.K24=(17.7/100000);
p.K25=(15.9/100000);
p.K26=(10.5/100000);
p.K27=(13.1/100000);
p.K28=(9.1/100000);
p.K29=(10.7/100000);
p.K30=(9.7/100000);
p.K31=(6.2/100000);
p.K32=(9.9/100000);
p.K33=(3.7/100000);
p.K34=(16.5/100000);
p.K35=(7.7/100000);
p.K36=(8.7/100000);
p.K37=(15.3/100000);
p.K38=(5.2/100000);
p.K39=(6.2/100000);
p.K40=(8.1/100000);
p.K41=(5.4/100000);
p.K42=(6.1/100000);
p.K43=(3.1/100000);
p.K44=(4.8/100000);
p.K45=(0.0/100000);
p.K46=(3.8/100000);
p.K47=(3.5/100000);
p.K48=(4.2/100000);
p.K49=(4.4/100000);
p.K50=(3.8/100000);
p.K51=(7.7/100000);
p.K52=(3.5/100000);
p.K53=(3.5/100000);
p.K54=(2.9/100000);
p.K55=(1.7/100000);
p.K56=(2.7/100000);
p.K57=(0.5/100000);
p.K58=(2.3/100000);
p.K59=(6.2/100000);
p.K60=(4.0/100000);
p.K61=(3.9/100000);



beg_time=0;
final_time=100;
time_step=1;

IC=[1000;999];
x=[IC];
for t=beg_time:time_step:final_time,
x=[x,growth_pop(x(:,end),t,p)];
end

t=beg_time:time_step:final_time+time_step;
plot(t,x(1,:),t,x(2,:))
legend('N','F')
xlabel('Time (years)');
ylabel('Population');

figure;
plot(t,x(1,:)./x(2,:))
xlabel('Time (years)');
ylabel('Sex ratio (M/F)');


